Number of total significant tuplets: 26209

Number of total significant triplets: 928780

The data structure: 
No 1 neuron's spikes:
60 422 1122 1366 1550 1671 1956 2280 3173 3360 3692 4006 4392 4522 5255 5763 6074 6822 7162 7343 7583 8497 8664 8880 9207 9297 9547 9971 10688 11225 11610 11951 

No 2 neuron's spikes:
257 341 457 592 991 1105 1258 1942 2413 2594 2678 2905 2978 3159 3334 3441 3706 4012 4346 4505 4844 5255 5326 5466 5530 5663 5761 6076 6202 6309 6428 6566 6811 7246 7359 7403 7797 8116 8145 8420 8778 8881 9167 9477 9526 10453 10699 10738 10830 10979 11217 11307 11705 11746 11796 

No 3 neuron's spikes:
62 255 354 588 691 833 976 1446 1542 1680 1954 2081 2151 2494 2615 3039 3153 3589 3790 4003 4201 4533 4635 4726 4817 5082 5254 5760 5883 6296 6437 6907 6976 7080 7152 7216 7325 7406 7803 7878 8200 8424 8487 8817 8961 9290 9426 9541 9592 9756 9992 10156 10470 10612 10686 10905 10951 11069 11171 11218 11388 11627 11732 11951 

No 4 neuron's spikes:
60 113 151 254 355 458 691 834 972 1119 1365 1677 1954 2080 2266 2614 2691 3038 3362 3604 3694 3797 3973 4005 4297 4527 4633 4727 4951 5038 5260 5377 5576 5760 5872 6073 6235 6573 6926 7407 7580 7699 7792 7879 7952 8153 8236 8340 8425 8777 8836 9038 9283 9426 9541 9589 9992 10422 10470 10693 10787 10909 11008 11222 11395 11507 11628 11736 11949 

No 5 neuron's spikes:
37 151 192 256 354 523 687 788 831 972 1117 1195 1365 1677 1793 1957 2078 2201 2304 2454 2614 2688 2783 2850 3267 3602 3691 3797 4002 4127 4200 4297 4520 4633 4951 5223 5254 5307 5521 5587 5678 5744 5991 6060 6315 6435 6574 6687 6804 6905 7155 7230 7407 7478 7581 7699 7791 7878 7979 8143 8237 8486 8670 8795 9224 9303 9350 9405 9538 9991 10107 10368 10422 10470 10692 10787 10905 11166 11222 11604 11731 11802 11949 

No 6 neuron's spikes:
38 112 253 595 787 829 1120 1193 1654 1895 1954 2095 2493 2851 3040 3251 3607 3694 3809 3971 4296 4415 4580 4635 4816 4952 5271 5644 5764 5991 6235 6581 6929 7407 7567 7808 7877 8236 8670 9206 9283 9447 9588 9966 10094 10361 10787 11004 11522 11732 11949 

No 7 neuron's spikes:
152 512 1591 2197 3111 3155 3280 3705 4206 4299 4359 5722 6296 6938 7028 7691 8074 8151 8781 8961 9175 9632 9972 10599 11444 11655 

No 8 neuron's spikes:
43 346 1286 1686 2096 2356 2994 3095 3151 3418 3720 3884 3954 4023 4193 4418 5812 6299 6343 6582 6650 6990 7433 8065 8857 9698 10368 10596 11077 

No 9 neuron's spikes:
38 111 144 237 368 508 643 708 786 1011 1099 1425 1589 1683 2088 2355 2489 2688 2795 2985 3150 3267 3416 3515 3650 3705 3811 3958 4027 4103 4192 4259 4297 4405 4680 4758 4823 4906 5036 5266 5377 5414 5552 5644 5873 5980 6299 6413 6582 6650 6740 6984 7062 7274 7503 7590 7798 7881 7969 8064 8260 8391 8422 8492 8624 8866 8973 9055 9167 9228 9309 9350 9410 9465 9630 9706 9978 10104 10170 10254 10355 10501 10594 10647 10791 10845 10907 10998 11064 11315 11399 11448 11521 11604 11692 11857 11949 

No 10 neuron's spikes:
17 107 367 852 898 1002 1258 1507 2040 2220 2561 2731 2925 3072 3149 3244 3339 3530 3720 3884 3922 3973 4396 4685 4825 4886 5175 5222 5585 5744 5869 6128 6294 6404 6527 6697 7092 7212 7319 7420 7565 7975 8239 8484 8605 8697 8835 9163 9290 9339 9411 9623 9793 9891 9983 10258 10605 10753 10831 11062 11092 11341 11433 11514 11591 11951 

No 11 neuron's spikes:
1023 1260 1832 2381 2692 2781 4408 4971 5044 5639 5952 6301 6575 7412 7682 7808 8037 8432 8490 8968 9544 9617 9679 9978 10097 10169 10568 10752 10921 11164 11322 11513 11599 11700 11797 11862 11906 11955 

No 12 neuron's spikes:
114 233 698 850 1114 1356 1603 1668 2088 2742 3083 3463 3606 3874 4677 4714 4823 4967 5228 5383 5657 6149 6200 7316 8200 9592 9797 9921 10095 10911 11510 11950 

No 13 neuron's spikes:
113 367 736 1099 1128 1344 1429 1685 1873 2114 2354 2497 2622 2694 3165 3424 3472 3529 3619 3721 4039 4193 4297 4414 4641 4829 5050 5656 5884 6138 6300 6420 6748 6985 7129 7321 7567 7699 7806 7879 7975 8066 8252 8428 8622 8871 9132 9223 9529 9703 9998 10171 10268 10434 10750 10905 11090 11137 11392 11527 11610 11706 11856 11953 

No 14 neuron's spikes:
145 250 345 513 644 708 1006 1098 1591 1697 2095 2210 2356 2496 2692 2796 2988 3149 3408 3522 3707 3813 4000 4106 4197 4405 4673 4759 4824 4913 5037 5413 5551 5863 5905 6199 6299 6423 6576 6649 6743 7062 7228 7505 7593 7799 7983 8133 8391 8514 8657 8867 9057 9167 9228 9308 9401 9707 9805 10000 10106 10254 10363 10513 10604 10916 10997 11083 11399 11522 11601 11694 11969 

No 15 neuron's spikes:
115 355 834 1340 1590 1678 1958 2200 2260 2690 2801 2987 3096 3157 3812 3929 4403 4824 5031 5565 5900 6294 6816 7687 8668 9451 9613 10108 10619 11527 

No 16 neuron's spikes:
41 109 238 365 473 510 638 707 831 1017 1092 1251 1346 1422 1590 1949 2086 2275 2488 2606 2690 2788 2987 3156 3434 3711 3813 3880 4175 4414 4706 4816 4967 5031 5101 5266 5413 5643 5885 5969 6414 6486 6748 6822 7214 7320 7593 7810 8431 8649 8777 8871 9171 9415 9574 9630 9988 10172 10254 10365 10430 10497 10905 11061 11202 11309 11525 11742 11860 11955 

No 17 neuron's spikes:
62 151 251 333 589 697 787 830 973 1019 1118 1191 1366 1433 1675 1953 2039 2080 2256 2361 2688 2985 3038 3159 3337 3582 3660 3695 3798 4000 4156 4297 4527 4633 4726 4814 5048 5265 5578 5658 5759 5883 6087 6156 6234 6582 6926 7230 7318 7406 7529 7579 7607 7878 7968 8161 8237 8362 8491 8670 8780 8881 8960 9097 9207 9296 9426 9539 9587 9989 10355 10688 10786 11004 11090 11521 11700 11851 

No 18 neuron's spikes:
525 835 979 1418 1898 2014 2091 2691 2907 2985 3145 3708 3810 4007 4354 4522 4672 4887 5320 5885 6148 6295 6928 7434 7775 7806 7887 8875 9348 9425 9574 9807 9995 10108 10596 10796 

No 19 neuron's spikes:
37 512 848 1020 1108 1157 1588 1896 2083 2355 2488 2690 2799 2982 3156 3266 3338 3430 3708 3808 3958 4039 4191 4300 4364 4419 4821 4907 5035 5256 5420 5566 5645 5760 5792 5895 6296 6414 6643 6745 7061 7227 7505 7591 7809 7878 8056 8257 8420 8513 8553 8651 8869 9172 9228 9544 9642 9708 9978 10108 10169 10261 10640 10693 10925 11062 11329 11522 11748 11871 11954 

No 20 neuron's spikes:
72 136 691 779 1688 2452 2577 3602 4127 4156 4300 4376 5971 6420 6942 7888 8246 8677 8891 9057 9108 9630 10360 10675 10789 11166 11219 11523 11731 

No 21 neuron's spikes:
595 832 1370 1595 1869 2095 2595 2669 2924 3327 3602 3701 4127 4272 4385 4618 4670 4848 4968 5209 5327 5390 5599 5811 6206 6414 6899 7245 7792 8224 8430 8512 8880 9352 9930 10450 10716 10979 11064 11223 11329 11603 11969 

No 22 neuron's spikes:
38 111 151 354 457 686 831 972 1105 1366 1446 1676 1959 2042 2079 2306 2580 2617 2677 2743 2965 3167 3267 3358 3572 3689 3798 3881 4006 4127 4201 4298 4519 4551 4952 5037 5256 5306 5376 5440 5521 5667 5763 6061 6314 6811 6905 7256 7478 7581 7710 7791 7880 8237 8486 8516 8790 8888 9050 9211 9405 9538 9817 9987 10095 10422 10471 10513 10669 10788 10925 11069 11167 11506 11606 11732 11897 11950 

No 23 neuron's spikes:
61 255 594 1121 1677 1793 1950 2087 2595 2688 3158 3336 3700 4005 4395 4510 4847 4952 5325 5419 5463 5520 5677 5763 6072 6638 6944 7054 7231 7322 7403 7496 7800 7880 8515 8877 9097 9205 9354 9527 9669 9996 10687 10786 11072 11217 11615 

No 24 neuron's spikes:
65 113 594 690 786 1252 1325 1410 1781 1960 2579 2675 2965 3275 3693 3952 4540 4847 5026 5178 5254 5462 5529 5656 5976 6651 6822 6987 7062 7128 7211 7247 7807 7877 8364 8683 8875 9204 9299 9446 9982 10264 10425 10640 11062 11216 11503 

No 25 neuron's spikes:
43 149 354 686 977 1118 1365 1674 1959 2082 2258 2594 2679 2829 3169 3333 3429 3696 3791 4017 4126 4200 4510 4541 5016 5257 5462 5522 5770 6060 6267 6296 6440 6561 6805 6905 7155 7256 7410 7478 7588 7700 7879 8143 8237 8480 8699 8780 8879 9207 9404 9530 9560 10109 10422 10470 10574 10666 10904 11167 11218 11322 11480 11600 11731 11948 

No 26 neuron's spikes:
52 203 343 582 837 980 1131 1173 1352 1426 1589 1664 1949 2088 2244 2281 2490 2595 2966 3162 3251 3363 3408 3530 3695 4006 4520 4664 4958 5259 5381 5528 5662 5746 5860 5985 6304 6411 6630 6820 7079 7150 7254 7335 7431 7696 7797 8046 8155 8236 8419 8492 8861 9356 9807 10455 10504 10679 10919 11598 11707 11741 11959 

No 27 neuron's spikes:
255 340 594 978 1434 1762 1950 2087 2574 2641 2680 3157 3337 3689 3804 4005 4278 4437 4514 4613 4845 5669 5760 5859 6078 6299 6428 6567 7027 7155 8146 8256 8420 8489 8779 8891 9527 9642 10504 10666 11219 11610 11795 

No 28 neuron's spikes:
154 361 686 1108 1680 2041 2832 3121 3167 4022 4537 5034 5236 5625 6314 6578 6825 7128 7248 7709 8493 8959 9210 9304 9410 9465 10572 10681 11062 11333 11510 

No 29 neuron's spikes:
151 690 1205 1508 1676 1792 2096 2977 3164 3718 4156 4247 4674 5467 5578 5668 5982 6424 6826 6922 6963 7428 7709 9226 9478 9641 

No 30 neuron's spikes:
113 150 255 692 972 1025 1680 1948 2079 2197 2615 2973 3161 3339 3419 3689 3870 4005 4417 4509 4950 5038 5176 5263 5876 5989 6572 6632 6815 6944 7213 7404 7685 7801 7877 8035 8258 8516 9060 9417 10628 10696 10788 11730 

No 31 neuron's spikes:
354 503 564 600 697 832 972 1018 1196 1574 1675 1821 2080 2436 2566 2805 2925 3163 3271 3603 3691 3790 4001 4106 4723 4816 5028 5269 5312 5432 5632 5888 6136 6294 6578 6655 6906 7407 7565 8199 8430 8493 8668 8726 9167 9292 9339 9581 9892 9992 10102 10254 10577 10613 10700 10785 10904 10960 11219 11396 11525 11951 

No 32 neuron's spikes:
969 1107 1441 1638 1695 2049 2256 2959 3663 3927 4818 5880 6083 6569 7437 8201 8438 8683 9530 9558 10629 

No 33 neuron's spikes:
52 235 292 512 637 1007 1107 1158 1281 1348 1438 1588 1677 1895 1953 2090 2356 2488 2730 2798 2983 3155 3808 3957 4190 4300 4404 4820 4906 5049 5108 5420 5570 5643 5877 6418 6484 6743 6821 7590 7811 7875 8045 8258 8390 8420 8650 8864 8966 9054 9623 9976 10097 10170 10259 10364 10470 10499 10634 10904 11060 11327 11444 11526 11738 11861 11954 

No 34 neuron's spikes:
37 152 238 356 515 975 1121 1195 1285 1366 1432 1590 1958 2079 2327 2661 2695 2805 3041 3268 3604 3797 4296 4406 4633 4728 4823 4908 5030 5269 5764 6166 6238 6418 6742 6805 6926 7341 7700 7877 8066 8422 8503 8654 8970 9357 9630 9919 9977 10108 10257 10361 10641 10793 10906 11057 11438 11514 11740 11863 11949 

No 35 neuron's spikes:
53 207 506 1028 1109 1274 1346 1515 2091 2354 2608 2800 3252 3429 3646 3690 3818 3881 4019 4200 4387 4715 4845 5646 5771 5862 6410 6740 6799 7054 7160 7393 7706 7798 7887 8038 8263 8421 8553 8697 9125 9167 9227 9410 9500 9709 9983 10156 10257 10370 10585 11083 11219 11511 11689 11864 11969 

No 36 neuron's spikes:
252 787 830 1120 1684 1957 2082 2496 2608 2691 2850 3158 3464 3607 3811 4021 4111 4174 4259 4298 5037 5536 5659 6206 7566 7695 7802 8062 8247 8490 8653 9174 9317 9502 9632 9711 9785 9921 9992 10107 10172 10258 10298 10574 10787 11310 11602 11844 11952 

No 37 neuron's spikes:
41 111 514 1606 1684 2355 2501 2608 3163 3272 3338 3463 3603 4002 4193 4265 4415 4728 4822 5037 5884 6744 6810 7320 7503 7706 7879 7985 8195 8332 8426 8491 9541 9581 9708 9994 10166 10504 10657 10748 10911 11076 11391 11522 11705 11746 11855 11950 

No 38 neuron's spikes:
37 145 251 508 785 1021 1879 2099 2367 2575 2693 2799 3271 3645 3706 3816 3938 4092 4673 4774 4813 4960 5036 5283 5432 5651 5872 6138 6299 6418 6580 6748 7323 7806 8060 8434 8490 8614 8653 8883 9228 9352 9412 9559 9710 9987 10109 10172 10267 10356 10440 10507 10914 11066 11521 11704 11954 

No 39 neuron's spikes:
144 239 366 513 698 786 829 1090 1189 1426 1456 1678 2079 2115 2305 2498 2609 2690 2848 3039 3149 3267 3462 3604 3796 3875 4001 4109 4295 4425 4722 4826 4953 5416 5577 6296 6391 6742 6928 7133 7227 7503 7580 7796 7877 8200 8238 8330 8491 8669 9055 9227 9348 9409 9886 9920 10050 10168 10355 10504 10786 11090 11333 11390 11520 11582 11740 11949 

No 40 neuron's spikes:
352 513 644 1004 1104 1185 1347 1500 1592 1776 1899 2090 2359 2489 2801 2988 3149 3420 3706 3814 3884 3952 4037 4108 4405 4672 4760 4823 4912 5047 5413 5550 5653 5896 5982 6421 6653 6742 6825 7062 7273 7335 7606 7695 7799 8440 8501 8649 8869 9167 9230 9307 9630 9708 9783 9982 10253 10514 10915 11399 11524 11715 11744 

No 41 neuron's spikes:
112 143 372 515 1009 1259 1336 1426 1605 1683 2109 2489 2608 2688 2828 2991 3152 3273 3415 3516 3622 3813 4026 4194 4381 4415 4660 4828 4912 4954 5048 5377 5419 5645 5826 5866 5895 6083 6414 6492 6742 6808 7092 7318 7503 7591 7690 7974 8069 8197 8329 8424 8647 8835 8968 9058 9232 9349 9611 9707 9886 10003 10104 10165 10255 10495 10912 11170 11314 11391 11447 11603 11708 11860 11967 

No 42 neuron's spikes:
142 438 510 1358 1427 1592 1686 2114 2367 2609 2802 3082 3149 3528 3619 3928 4025 4192 4416 4518 4759 4830 4916 5048 5125 5414 5549 5647 5826 5900 6137 6295 6345 6742 7324 7504 7695 7812 8429 8784 9308 9705 9926 10109 10165 10441 10511 10751 10912 11147 11315 11399 11437 11526 11607 11705 11854 11964 

No 43 neuron's spikes:
372 588 1233 1683 3562 4212 4705 5236 5662 6053 6588 6697 6930 7505 8415 8670 9058 9233 9920 10254 10451 10501 11505 11610 11742 11845 11969 

No 44 neuron's spikes:
145 358 895 1272 1365 1419 1455 1614 2082 2261 2615 2923 3507 3605 3688 3832 4642 5175 5656 5759 5868 6294 7753 8066 9161 9611 9711 9983 10300 11333 11391 11525 11969 

No 45 neuron's spikes:
1206 3329 4417 5533 6421 7018 7213 7319 7476 7594 7974 8019 8362 8424 8657 8856 9099 9307 9539 9612 9680 9757 9822 10002 10052 10145 10460 10499 10685 10909 11056 11214 11258 11333 11432 11472 11524 11614 11693 11905 11964 

No 46 neuron's spikes:
508 977 1022 1343 1593 1657 2107 2504 2693 3153 3418 3708 4000 4825 5049 5549 5894 6138 6294 6744 7217 7326 7608 7799 8257 8782 9059 9448 9641 9705 9787 9883 9921 9996 10161 10257 10760 10854 10917 11005 11081 11260 11448 11512 11609 11870 11963 

No 47 neuron's spikes:
110 250 511 831 971 1115 1275 1688 1827 2080 2569 2616 2696 2926 3150 3462 3531 3603 3691 3831 4001 4281 4722 4816 5261 5500 5577 5625 5669 5764 6295 6358 6417 6925 7215 7316 7407 7565 7881 8059 8134 8198 8327 8817 8968 9296 9412 9587 9796 9921 9996 10102 10613 11090 11219 11385 11510 11674 11706 11950 

No 48 neuron's spikes:
20 154 357 509 736 836 1025 1120 1279 1654 2493 3462 3604 4002 4428 4725 5579 6295 6653 6753 6929 7316 7406 7566 7681 7805 7878 8200 8672 9589 9813 9995 10252 10767 10853 11089 11221 11340 11385 11675 11950 

No 49 neuron's spikes:
38 144 255 788 831 1002 1092 1122 1337 1426 2117 2211 2366 2609 2691 2851 3267 3463 3518 3618 3647 3930 4006 4260 4295 4389 4659 4899 4954 5039 5378 5578 5661 6294 6639 6807 6985 7228 7321 7405 7503 7568 7806 7878 8201 8330 8489 8855 8973 9612 9693 9989 10050 10105 10166 10447 10496 10621 10924 11090 11525 11582 11694 11742 11950 

No 50 neuron's spikes:
345 840 1099 1593 2360 2563 3151 3270 3484 3706 4177 5050 5669 6197 6294 6922 7712 7873 8064 8201 8657 8967 9304 9711 9808 10258 10584 10620 10911 11703 11791 11910 

No 51 neuron's spikes:
44 142 345 513 707 1006 1099 1339 2096 2367 2497 2609 2696 2797 2849 2987 3149 3269 3418 3618 3708 3816 4195 4264 4405 4675 4824 4954 5082 5378 5648 5981 6298 6415 6492 6577 6649 6742 6825 6893 6983 7225 7318 7373 7434 7503 7591 7695 7798 7974 8057 8329 8421 8501 8866 8968 9061 9131 9166 9232 9295 9351 9707 9991 10112 10168 10254 10369 10435 10913 11064 11401 11608 11721 

No 52 neuron's spikes:
40 145 345 437 514 691 1027 1099 1418 1736 2108 2355 2498 2849 3149 3524 3706 4002 4260 4414 4673 4827 5039 5416 6304 6576 6747 6989 7064 7228 7372 7566 7803 8515 8883 8972 9173 9353 9410 9636 11950 

No 53 neuron's spikes:
22 238 513 692 3150 4267 4826 5763 5874 6396 6913 7343 7411 7979 8064 9680 11528 11742 

No 54 neuron's spikes:
62 838 1104 1952 2210 3709 4411 4635 5015 5262 5761 6061 6235 6395 6430 7251 7686 8254 8799 8885 9221 10363 10422 10514 11093 11513 11733 11954 

No 55 neuron's spikes:
65 114 353 439 564 691 836 1120 1251 1509 1590 1655 1754 1961 2089 2308 2698 3037 3266 3416 3706 3810 4128 4952 5017 5258 5380 5427 5589 5885 5985 6490 7340 7403 7575 7706 7793 8061 8249 8486 8962 9292 9350 9427 9986 10363 10502 10787 11067 11340 11508 11859 11950 

No 56 neuron's spikes:
153 252 356 592 709 829 948 1119 1699 1955 2082 2733 3339 3605 3716 4004 4310 5270 5763 5955 6424 6577 7406 7566 7713 7883 8200 8978 9113 9542 9598 9992 10256 10628 10787 11094 11215 11950 

No 57 neuron's spikes:
835 977 1012 1273 1589 1679 1829 2091 2695 3432 3472 3590 3786 4103 4186 4301 4428 5231 5659 6089 6305 6930 7567 7796 8058 8726 8898 9060 9162 9290 9423 9986 10042 10103 10171 10331 11061 11214 11515 11590 11869 

No 58 neuron's spikes:
66 150 262 593 693 831 1119 1675 1957 2079 2364 2490 2618 2689 2850 3157 3267 3606 3690 3797 4002 4392 4536 4815 5261 5762 6072 6417 6910 6983 7257 7702 7877 8516 9098 9205 9351 9536 9996 10112 10608 11221 11732 11964 

No 59 neuron's spikes:
61 114 154 354 521 693 787 831 972 1017 1102 1515 1677 1761 1958 2039 2079 2282 2581 2614 2927 2978 3167 3276 3423 3571 3693 4004 4200 4297 4526 5018 5267 5499 5660 5763 5982 6060 6436 6905 7229 7580 7698 7792 7879 7967 8020 8237 8416 8510 8671 8791 9351 9403 9782 9927 9995 10421 10793 11080 11221 11487 11603 11722 11950 

No 60 neuron's spikes:
38 113 151 354 691 786 829 1020 1112 1365 1425 1536 1676 1955 2079 2614 2698 2983 3041 3362 3603 3691 3810 4001 4128 4202 4296 4537 4951 5257 5307 5594 5762 5864 5983 6071 6236 6406 6580 6928 7063 7162 7404 7480 7579 7800 7877 8142 8200 8239 8486 8515 8668 8781 9297 9355 9538 9706 9923 9992 10109 10258 10356 10460 10690 10787 10907 11069 11168 11222 11447 11521 11654 11701 11735 11949 

No 61 neuron's spikes:
111 513 770 1515 1699 2193 2264 2321 2498 2699 3166 3339 3646 3711 3922 4006 4684 4825 4914 5167 5278 5759 6077 6296 6639 7814 8756 8821 9102 9350 9712 9983 10619 11528 11652 11742 11950 

No 62 neuron's spikes:
63 151 255 335 688 770 830 972 1119 1367 1667 1946 2079 2595 3137 3335 3419 3690 3787 4004 4126 4158 4412 4520 5016 5259 5316 5525 5588 5671 5762 6060 6436 6575 6648 6928 7161 7228 7711 7791 7878 8237 8478 8514 8798 8889 9207 9404 9538 9699 10000 10422 10620 10667 10791 11220 11612 11731 11949 

No 63 neuron's spikes:
37 114 152 192 251 354 690 785 830 977 1017 1136 1193 1365 1427 1676 1957 2078 2263 2581 2614 2695 2848 3269 3360 3444 3603 3691 3797 4004 4127 4201 4295 4408 4519 4950 5255 5589 5763 6071 6166 6237 6436 6573 6686 6805 6907 7159 7227 7409 7478 7566 7706 7791 7878 8145 8225 8391 8478 8516 8655 8790 8869 9188 9303 9349 9406 9537 9965 10004 10103 10165 10355 10423 10469 10690 10786 10904 11091 11167 11222 11510 11603 11731 11948 

No 64 neuron's spikes:
53 148 256 341 457 583 837 982 1103 1134 1433 1666 1940 2275 2413 2594 2678 2970 3160 3335 3429 3531 3664 3694 4007 4185 4663 4953 5018 5257 5326 5433 5528 5656 5873 6075 6205 6305 6565 6629 6821 7079 7150 7245 7404 7714 7799 7886 7935 8046 8150 8246 8418 8492 8777 8884 9050 9132 9206 9234 9352 9405 9536 9804 10113 10266 10453 10504 10674 10796 10919 11218 11504 11599 11745 11797 

No 65 neuron's spikes:
40 152 341 509 685 980 1090 1123 1360 1666 1942 2273 2594 2967 3158 3336 3574 3663 3695 4005 4127 4347 4515 4845 5014 5254 5306 5519 5673 5728 5763 6061 6315 6368 6427 6567 6810 6907 7245 7711 7796 8143 8237 8420 8793 8884 9061 9405 9533 9577 9744 10109 10332 10455 10693 11056 11220 11608 11731 11851 

No 66 neuron's spikes:
204 528 599 830 975 1171 1456 1810 1957 2083 2604 2680 2790 2972 3082 3145 3280 3407 3878 4382 4528 4597 4815 5667 5800 5860 6294 6582 7148 7325 7570 7691 7932 8130 8326 8499 8674 8815 9149 9528 10152 10497 10615 10916 11321 11729 

No 67 neuron's spikes:
38 113 150 255 354 501 688 834 976 1006 1118 1365 1434 1672 1954 2039 2194 2614 3040 3269 3420 3525 3689 3874 4004 4126 4157 4200 4296 4411 4528 4951 5014 5109 5256 5307 5522 5681 5761 6060 6134 6512 6577 6808 6925 7159 7402 7479 7708 7791 7878 8201 8235 8514 8778 8897 9206 9303 9405 9531 10000 10360 10422 10469 10693 10927 11096 11167 11602 11731 11897 11949 

No 68 neuron's spikes:
201 354 532 689 829 972 1121 1195 1367 1678 1830 1959 2078 2569 2621 2692 2924 3094 3602 3690 3796 4002 4724 5273 5316 5415 5586 5764 6078 6316 6436 6578 6804 6924 7159 7566 7706 7792 7882 8144 8200 8246 8513 8821 8887 9303 9408 9588 9925 9994 10102 10573 10693 10793 10911 11069 11218 11604 11730 11801 11949 

No 69 neuron's spikes:
53 255 1677 1954 2080 2568 2799 2973 3143 3253 3422 3874 4010 4179 4506 4614 4672 4815 5260 5312 5762 6312 6410 6572 6647 6806 7337 7404 7583 7698 7800 7878 8118 8237 8653 8781 8891 8962 9132 9353 9411 9532 9709 9982 10104 10361 10572 10666 10787 10916 11066 11521 11948 

No 70 neuron's spikes:
53 203 345 522 1103 1172 1365 1439 1809 2977 3144 3249 3422 3604 3874 4019 4177 4382 4503 4597 5023 5257 5380 5723 5819 5859 5968 6308 6403 6580 6825 6893 7149 7570 7692 7858 8414 8514 9529 9965 10151 10355 10612 10696 10912 11455 11719 11862 11948 

No 71 neuron's spikes:
37 111 151 252 355 688 786 830 972 1019 1118 1366 1426 1675 1953 2041 2079 2603 2702 2850 2976 3161 3266 3338 3418 3604 3691 3802 3875 4004 4127 4200 4411 4522 4950 5267 5307 5439 5588 5666 5761 6060 6235 6314 6436 6567 6805 6905 7160 7578 7711 7791 7878 8149 8236 8486 8671 8790 8880 9206 9348 9404 9536 9718 9988 10360 10513 10693 10786 11173 11320 11513 11604 11733 11949 

No 72 neuron's spikes:
36 150 355 500 686 972 1108 1365 1674 1758 1957 2079 2258 2606 2967 3257 3358 3417 3571 3688 3887 4006 4126 4156 4201 4517 4950 5014 5055 5267 5306 5521 5589 5663 5762 6060 6435 6580 6629 6685 6807 6910 7063 7160 7699 7791 7877 8046 8237 8368 8505 8789 8889 9207 9302 9404 9538 9884 10361 10421 10667 10787 10907 11166 11219 11387 11436 11515 11602 11731 11948 

No 73 neuron's spikes:
36 248 512 785 831 1017 1118 1424 1676 1897 1959 2079 2488 2581 2691 2795 2850 3155 3266 3605 3705 3796 4003 4200 4295 4404 4672 4817 4949 5035 5258 5420 5763 5889 5984 6417 6574 6687 6820 6928 7063 7228 7503 7701 7797 7877 7972 8061 8237 8439 8485 8656 8880 9055 9228 9348 9536 9634 9989 10114 10169 10354 10426 10513 10586 10785 10908 11067 11219 11307 11519 11581 11730 11948 

No 74 neuron's spikes:
38 149 249 340 603 971 1252 1940 2081 2486 2595 2677 2969 3159 3337 3408 3650 3696 4006 4195 4347 4516 4842 4960 5258 5664 5764 6075 6306 6427 6567 6625 6735 6808 7092 7152 7218 7335 7567 7655 7699 8145 8240 8697 8781 8881 9112 9294 9410 9528 9634 9804 10107 10453 10699 10832 10919 11219 11430 11471 11506 11596 

No 75 neuron's spikes:
133 343 982 1348 1418 1542 1810 2323 2410 2595 2677 2926 2974 3143 3421 3791 3874 4103 4186 4383 4505 4596 4760 4837 5034 5661 5749 5859 5968 6076 6305 6365 6408 6568 6893 7150 7584 7692 7796 7859 8132 8246 8325 8667 8699 8790 8885 9071 10000 10104 10434 10497 10611 10914 11008 11128 11257 11506 11600 11719 11795 

No 76 neuron's spikes:
133 706 1345 1656 1809 2093 2320 2440 2679 2973 3144 3251 3529 3645 3796 3873 4505 4596 4760 4837 5276 5532 5564 5597 5663 5747 5861 6077 6410 6567 6893 7161 7249 7437 7694 7860 8119 8148 8324 8544 8623 8667 9058 9225 9425 9528 9619 9812 9999 10436 10497 10682 10740 10922 11005 11083 11256 11414 11453 11639 11719 

No 77 neuron's spikes:
52 589 662 778 837 1104 1344 1941 2082 2662 2976 3077 3168 3415 3532 4156 4524 4952 5020 5259 5324 5438 5524 5662 6306 6420 6567 6820 7078 7334 7530 7703 8061 8200 8490 8700 8873 9514 10155 10503 10614 11130 11960 

No 78 neuron's spikes:
344 604 1090 1412 1591 2242 3038 3082 3339 3887 4094 4322 4522 4833 5262 5306 5640 6300 7150 7258 7405 7668 8146 8421 8508 9173 9598 9919 10259 11069 11337 11953 

No 79 neuron's spikes:
113 350 511 789 973 1092 1193 1425 1677 1746 1950 2079 2681 3267 3647 3797 3875 4003 4174 4536 4620 4814 4952 5035 5266 5320 5577 5671 5764 5872 6079 6486 6574 6637 6810 6905 7408 7688 7808 7861 8238 8481 8614 9294 9424 9987 10354 10470 10570 10691 10786 10905 11060 11136 11509 11582 11720 11951 

No 80 neuron's spikes:
133 255 370 594 1345 1563 1657 1805 1948 2318 2674 2972 3143 3250 3423 3807 3873 4003 4107 4199 4503 4595 4759 4834 4895 5029 5279 5526 5593 5663 5747 5870 5968 6196 6368 6407 6568 6894 7063 7250 7404 7689 7858 7933 8055 8243 8439 8548 8670 9071 9338 9528 9815 10006 10155 10455 10497 10629 10699 10914 11005 11127 11218 11452 11509 11557 11718 11795 

No 81 neuron's spikes:
37 355 642 696 794 979 1132 1283 1356 1439 1678 1962 2079 2288 2493 2800 2977 3031 3265 3430 3647 3715 3797 3884 4012 4178 4296 4535 4950 5255 5436 5593 5768 5900 5984 6071 6200 7053 7257 7488 7706 7790 7883 7979 8059 8196 8246 8486 8652 8887 9318 9347 9537 9819 9967 10512 10696 10786 10923 11063 11222 11339 11508 11742 11949 

No 82 neuron's spikes:
57 112 150 254 370 697 785 830 970 1092 1120 1197 1369 1426 1676 1952 2079 2615 2693 2983 3039 3337 3603 3691 3797 3874 4001 4297 4395 4504 4550 4632 4725 4813 5139 5266 5434 5576 5715 5758 5876 6234 6407 6573 6925 7150 7405 7566 7877 8199 8237 8361 8513 8781 9059 9217 9295 9427 9538 9588 9964 10102 10266 10354 10469 10695 10785 10904 11089 11219 11414 11521 11605 11701 11949 

No 83 neuron's spikes:
51 134 254 366 526 582 693 842 1104 1345 1675 1810 1951 2262 2319 2594 2969 3142 3421 3695 3792 3873 4201 4504 4596 4759 4843 4955 5253 5529 5596 5660 5748 5874 5967 6294 6428 6588 6637 6823 7245 7401 7690 7803 7860 8036 8496 8662 9019 9206 9352 9532 9640 9672 9808 9998 10454 10675 10799 11004 11130 11218 11570 11719 11795 11964 

No 84 neuron's spikes:
252 1346 1950 2972 3141 3422 3489 3874 4504 5535 5663 5747 5878 5968 6409 6735 6821 7247 7690 7801 7974 8249 8508 8783 9170 9528 9993 10154 10897 11338 11688 

No 85 neuron's spikes:
136 1347 1457 1659 1810 1953 2320 2438 2680 2972 3143 3413 3709 3874 4098 4198 4384 4506 4597 4815 5529 5598 5660 5748 5865 5968 6071 6298 6404 6562 6638 6893 7006 7249 7689 7859 7932 8243 8433 8499 8783 8900 8982 9227 9313 9528 9977 10156 10501 10676 11128 11455 11557 11718 11954 

No 86 neuron's spikes:
52 358 502 582 839 896 1354 1670 1748 1828 1956 2245 2296 2786 2971 3147 3250 3430 3792 3884 4008 4321 4665 4817 4888 4953 5020 5258 5433 5588 5668 5761 5876 5971 6075 6294 6408 6502 6561 6696 6826 7075 7153 7249 7335 7479 7691 7792 7887 8056 8143 8259 8418 8546 8885 8967 9149 9353 9411 9529 9816 9982 10153 10421 10512 10635 10791 11336 11424 11506 11739 11801 11955 

No 87 neuron's spikes:
38 343 662 980 1683 1962 2079 2574 2676 3041 3170 3429 3701 3801 4004 4202 4395 4518 4819 4956 5027 5261 5663 5764 5875 6085 6415 7154 7425 7713 8245 8391 8483 8656 8887 9408 9537 9640 9968 10112 10352 11220 11505 

No 88 neuron's spikes:
54 897 1113 1426 1508 1678 2489 2684 2808 2972 3110 3806 4039 4265 4819 5662 6051 6136 7062 7155 7804 8250 8369 8512 8639 9099 9127 9188 9633 10113 10739 10919 11222 11326 11745 11908 11956 

No 89 neuron's spikes:
137 438 1345 1503 1573 1652 1743 1820 1870 1961 2089 2323 2489 2580 2617 2972 3143 3251 3415 3529 3706 3806 3875 3981 4205 4367 4505 4595 4769 4821 5045 5278 5662 5749 5825 5901 5975 6088 6207 6365 6403 6569 6751 6891 7012 7252 7581 7689 7803 7859 8059 8151 8254 9419 9529 9703 10174 10436 10510 10602 10678 10738 11128 11220 11428 11558 11718 11964 

No 90 neuron's spikes:
16 348 434 981 1638 1952 2150 2318 2562 2675 2806 2976 3471 3618 3712 4007 4811 5036 5270 5664 5748 6075 6306 6411 6567 6643 7148 7251 7655 7711 7793 8155 8699 8780 8880 9986 10509 10747 10919 11969 

No 91 neuron's spikes:
132 258 351 510 1347 1457 1508 1652 1823 1951 2101 2684 2988 3143 3249 3421 3705 3790 3873 4186 4390 4502 4595 4768 4844 5260 5388 5532 5599 5663 5747 5866 5971 6403 6492 6569 6899 7257 7495 7576 7688 7797 7859 8248 8324 8439 8508 8651 8784 9163 9528 9686 9982 10158 10435 10497 10738 11004 11127 11451 11719 11800 11856 

No 92 neuron's spikes:
50 133 439 507 1347 1653 1948 2246 2322 2490 2971 3142 3249 3423 3806 3873 4027 4274 4502 4815 5028 5266 5424 5598 5659 5818 5878 5984 6342 6409 6494 6823 7128 7249 7403 7505 7690 7797 7885 8497 8639 8782 8867 9356 9536 9692 9815 9965 10120 10511 10738 10799 10912 11452 11723 11961 

No 93 neuron's spikes:
53 603 897 1103 1675 1947 2095 2491 2577 2679 2971 3251 3609 3705 3878 4007 4211 4504 4664 4954 5032 5254 5373 5529 5594 5663 5764 5987 6076 6408 6567 7147 7246 7335 7790 8155 8513 8545 8654 9057 9227 9404 9526 9984 10050 10453 10603 10680 10738 10797 11068 11505 11638 

No 94 neuron's spikes:
134 257 535 1345 1674 1758 1812 1948 2248 2357 2972 3143 3431 3488 3874 3966 4505 4815 5663 5750 5976 6401 6567 6694 7071 7688 7858 7933 8034 8248 8335 8796 8880 9422 9529 9687 9787 9980 10154 10501 11079 11224 11456 11503 11969 

No 95 neuron's spikes:
51 148 360 591 898 1013 1823 2083 2211 2242 2486 3694 4952 5035 5384 5438 5593 5680 5911 5969 6085 6132 6406 7255 7710 7799 7888 8071 8254 9533 9589 9688 9816 9901 10355 10887 11454 11722 

No 96 neuron's spikes:
52 590 836 1676 1950 2684 2782 2970 3148 3251 3343 3807 3878 4021 4199 4502 5028 5255 5431 5662 5817 5878 5951 6156 6293 6408 6570 6820 7247 7689 7803 8144 8326 8415 8549 8665 8861 8974 9291 9529 9703 9821 9966 10158 10508 10726 10801 11909 

No 97 neuron's spikes:
52 355 506 1135 1368 1654 1957 2088 2265 2298 2577 2676 2786 2974 3151 3251 3410 3806 4011 4296 4949 5020 5123 5264 5377 5669 5771 5873 5982 6307 6409 6487 6574 6656 6686 6939 6976 7793 7880 8064 8146 8249 8512 8548 8626 8896 9052 9408 9524 9822 9986 10355 10496 10740 11066 11172 11338 11423 11506 11696 11745 11951 

No 98 neuron's spikes:
52 362 522 585 835 1103 1354 1505 2088 2297 2494 2787 2978 3037 3121 3163 3249 3336 3698 3806 3877 4008 4178 4266 4665 4815 5028 5259 5316 5384 5670 5814 5881 5952 5993 6409 6511 6567 6643 6826 7249 7333 7390 7793 8075 8146 8250 8649 8966 9161 9355 9417 9526 10356 10641 10698 10738 10885 11172 11308 11955 

No 99 neuron's spikes:
352 642 1008 1106 1348 1591 1899 2088 2241 2382 2492 2985 3157 3246 3431 3521 3711 3879 3959 4192 4580 4892 5036 5420 5576 5801 5885 5974 6127 6414 6488 6824 7132 7593 7813 7880 8143 8392 8506 8639 8865 9057 9174 9526 9638 9822 10109 10173 10354 10921 11147 11320 11718 11867 11959 

No 100 neuron's spikes:
288 456 847 1103 1355 1429 1562 1651 1754 1948 2437 2685 2959 3149 3250 3338 3435 3659 3718 3872 4001 4180 4266 4322 4358 4504 4891 5026 5254 5379 5599 5669 5766 6060 6313 6427 6501 6566 6824 7156 7250 7426 8145 8966 9527 9699 9792 10512 10698 10738 11505 11868 

No 101 neuron's spikes:
50 527 696 786 837 986 1101 1346 1411 1668 1832 2274 2498 2680 2732 2975 3165 3249 3337 3705 3959 4662 5019 5259 5625 5863 5893 6304 6408 6568 6823 7249 7391 7432 7581 7658 7800 7879 8497 8699 8970 9167 9352 9405 9528 9817 9989 10164 10513 10576 10680 10844 10915 11067 11521 11760 11948 

No 102 neuron's spikes:
56 133 255 352 1104 1345 1456 1653 1949 2087 2243 2298 2680 2851 2972 3142 3248 3571 3872 4004 4094 4183 4503 4595 4763 4832 4889 4952 5017 5265 5663 5747 5865 6082 6304 6401 6567 6629 6822 6894 7250 7334 7574 7689 7857 7935 8145 8247 8416 8782 9531 9902 9991 10357 10434 10618 10738 10913 11127 11393 11452 11558 11719 

No 103 neuron's spikes:
53 132 344 507 583 694 1100 1171 1282 1345 1431 1808 1961 2298 2681 2971 3142 3171 3249 3336 3424 3520 3704 3805 3872 4184 4382 4503 4596 4759 4832 4890 4955 5017 5230 5258 5528 5661 5748 5860 5967 6075 6243 6402 6644 6798 6893 7063 7150 7250 7402 7688 7857 7931 8037 8116 8247 8323 8414 8491 8784 9057 9162 9351 9531 9636 9703 9786 9814 10152 10262 10435 10496 10675 10751 10912 11004 11061 11126 11451 11557 11712 11795 11854 11969 

No 104 neuron's spikes:
52 206 343 582 690 839 897 978 1104 1357 1414 1667 1828 1949 2082 2263 2488 2606 2677 2800 2972 3081 3166 3250 3409 3660 3694 3794 3885 3960 4006 4365 4521 4661 4952 5019 5255 5379 5435 5528 5665 5770 5860 5972 6078 6305 6409 6560 6821 7076 7149 7248 7333 7432 7699 7792 8047 8131 8246 8416 8497 8544 8884 8966 9138 9222 9296 9353 9403 9527 9804 9982 10502 10678 10790 10886 10918 11006 11068 11219 11321 11428 11510 11597 11740 11955 

No 105 neuron's spikes:
49 208 504 582 837 896 1102 1359 1507 1666 1740 1793 1947 2014 2089 2242 2297 2412 2496 2577 2734 2969 3162 3251 3335 3420 3660 3699 3790 3878 3959 4331 4503 4663 4816 4915 4960 5027 5317 5421 5532 5598 5662 5743 5814 5874 5977 6090 6124 6205 6411 6563 6626 6697 6808 7007 7244 7332 7401 7792 7873 8035 8415 8493 8548 8638 8780 8966 9176 9218 9352 9418 9525 9636 9806 9965 10424 10454 10791 10886 11217 11308 11453 11734 11791 11955 

No 106 neuron's spikes:
134 339 977 1743 1953 2678 3145 3250 3442 3649 3700 3881 4006 4199 4520 4619 5018 5231 5663 5767 5874 6075 6294 6410 6569 6894 7150 7488 7700 7788 7878 8147 8780 9440 9528 10915 11705 

No 107 neuron's spikes:
36 114 241 359 510 980 1018 1117 1280 1358 1677 2086 2294 2453 2487 2585 2690 2784 2977 3158 3253 3329 3432 3588 3644 3699 3797 3884 4019 4178 4297 4348 4403 4515 4664 4812 4951 5035 5102 5257 5416 5645 5895 5970 6079 6307 6414 6488 6569 6825 7077 7256 7334 7432 7478 7590 7709 7794 7888 8053 8247 8421 8482 8651 8778 8870 8899 9016 9167 9348 9633 9708 9818 9966 10107 10268 10919 11059 11164 11216 11339 11430 11471 11507 11606 11737 11863 11953 

No 108 neuron's spikes:
51 132 256 503 586 836 982 1101 1171 1345 1652 1809 1949 2085 2263 2323 2439 2677 2788 2860 2971 3080 3142 3248 3337 3408 3530 3695 3872 4009 4103 4184 4364 4502 4596 4768 4833 4961 5027 5267 5528 5661 5749 5859 5967 6077 6243 6294 6402 6568 6642 6735 6823 6894 7007 7068 7151 7247 7324 7570 7690 7793 7859 7932 8063 8130 8244 8324 8414 8492 8549 8784 8886 8969 9015 9057 9162 9353 9528 9639 9706 9806 9929 9981 10153 10358 10497 10677 10742 10798 10912 11128 11307 11452 11559 11719 11795 11860 11956 

No 109 neuron's spikes:
51 133 350 504 584 839 1102 1158 1346 1653 1809 1949 2088 2241 2492 2582 2679 2731 2799 2970 3143 3249 3338 3423 3785 3817 3874 3953 4018 4185 4375 4504 4596 4663 4768 4816 4889 5028 5278 5317 5421 5531 5662 5818 5873 5969 6305 6357 6403 6567 6643 6820 7013 7071 7149 7249 7333 7409 7580 7695 7794 8251 8413 8650 8784 8966 9127 9171 9355 9527 9636 9813 9971 10169 10260 10501 10614 10679 10792 10916 11060 11218 11308 11455 11528 11864 11957 

No 110 neuron's spikes:
51 114 234 341 508 638 714 832 1007 1102 1158 1325 1438 1588 1881 2088 2355 2488 2687 2797 2891 2984 3156 3246 3328 3428 3510 3710 3879 3956 4127 4178 4301 4415 4580 4676 4770 4819 4906 5037 5139 5371 5419 5650 5875 5971 6416 6573 6642 6822 7009 7320 7428 7594 7805 8055 8240 8393 8433 8650 8864 9055 9172 9399 9638 9701 9970 10109 10166 10259 10424 10512 10640 10904 11060 11259 11308 11439 11739 11862 11955 

No 111 neuron's spikes:
60 112 151 255 352 689 975 1006 1119 1365 1677 1952 1981 2039 2089 2273 2617 3082 3112 3161 3256 3570 3695 4004 4126 4247 4409 4530 4635 5014 5212 5270 5415 5523 5672 5760 6060 6242 6305 6437 7159 7406 7699 7879 8151 8245 8511 8665 8891 9206 9403 9536 9714 9995 10422 10667 10697 11616 11734 11957 

No 112 neuron's spikes:
52 344 584 689 980 1102 1412 1665 1942 2084 2243 2436 2493 2577 2970 3114 3164 3250 3338 3429 3661 3695 3886 3960 4016 4389 4503 4663 4823 5029 5210 5262 5321 5427 5627 5666 5873 5986 6090 6150 6305 6410 6570 6815 7007 7081 7150 7251 7334 7402 7704 7799 7874 8251 8418 8497 8654 8889 8969 9230 9352 9534 9805 10459 10504 10610 10679 10792 10918 11508 11744 

No 113 neuron's spikes:
422 643 1103 1758 2223 2584 3411 3937 4206 4277 4438 4788 5166 5461 6050 6206 6294 6907 7392 7531 7585 7791 8153 8798 8971 9354 9528 10113 10455 10572 10614 

No 114 neuron's spikes:
37 114 348 787 831 1103 1355 1676 1961 2078 2301 2445 2495 3265 3337 3419 3661 3796 3882 3972 4128 4296 4664 4950 5020 5099 5230 5372 5553 5587 5663 5976 6805 6922 7254 7334 7477 7711 7789 7879 8033 8141 8254 8486 8598 8649 8790 8878 9230 9348 9536 9632 9816 9965 9995 10298 10422 10792 10912 11224 11308 11505 11801 11861 11949 

No 115 neuron's spikes:
37 114 153 255 355 511 591 686 785 831 983 1016 1102 1133 1365 1426 1678 1959 2040 2079 2273 2850 3267 3688 3808 4004 4126 4295 4409 4537 4635 4951 5014 5257 5308 5522 5588 6060 6580 6805 6906 7059 7159 7406 7479 7589 7708 7790 7877 8237 8328 8393 8477 8511 8669 8793 9207 9349 9404 9538 9697 9792 9988 10102 10163 10360 10421 10802 11096 11526 11613 11731 11949 

No 116 neuron's spikes:
52 204 344 509 978 1103 1414 1457 1950 2043 2296 2491 2690 3142 3660 4110 4297 4429 4661 5019 5213 5382 5534 5627 5986 6293 6573 7150 7334 7570 7711 7810 8054 8200 8490 8755 8969 9167 9226 9405 9534 9991 10359 10918 

No 117 neuron's spikes:
148 256 474 1996 2079 2263 3713 4004 4430 6062 6300 6496 7153 7877 9352 9527 9811 10365 10598 11721 11867 

No 118 neuron's spikes:
36 112 248 367 506 785 831 971 1017 1090 1118 1281 1345 1425 1591 1652 1756 2087 2504 2573 2688 2793 2979 3087 3143 3266 3423 3527 3648 3704 3797 3873 4026 4177 4205 4295 4404 4760 4949 5028 5264 5413 5658 5866 5969 6244 6294 6408 6485 6744 6805 7012 7077 7322 7408 7570 7691 7804 7881 7968 8060 8259 8433 8487 8651 9162 9348 9586 9702 9964 10154 10353 10441 10510 10609 10786 10912 11004 11056 11090 11306 11339 11429 11520 11609 11699 11735 11948 

No 119 neuron's spikes:
237 508 638 848 1008 1102 1233 1281 1338 1438 1590 1830 1895 2038 2087 2196 2356 2489 2689 2799 2891 2983 3150 3247 3339 3427 3530 3711 3794 3880 4039 4180 4299 4404 4583 4911 5055 5272 5418 5648 5872 5905 5975 6415 6488 6643 6821 7062 7322 7428 7803 8059 8258 8392 8421 8652 8785 8872 9054 9167 9349 9588 9637 9706 9980 10109 10158 10360 10437 10510 10786 10905 11056 11439 11519 11609 11703 11734 11863 11949 

No 120 neuron's spikes:
833 1112 1508 1685 2087 2567 2800 3162 3710 4001 5668 5983 7439 7566 7695 7810 8065 8200 8780 9167 9293 9347 9815 9998 10102 10259 10435 10513 11221 11340 11384 11513 11591 

No 121 neuron's spikes:
263 972 2223 2262 2754 3154 5283 5714 5789 6249 6294 6410 6939 7325 7392 7696 9221 9514 9702 9990 10258 10615 

No 122 neuron's spikes:
19 144 438 1021 1104 1191 1347 1504 1615 1655 1871 2320 2504 2608 2848 2928 3143 3251 3486 3530 3832 3966 4197 4518 4769 4826 5040 5124 5548 5790 6137 6293 6343 6485 6746 7020 7321 7581 7805 7877 7980 8055 8142 8484 8615 8970 9165 9401 9636 9703 9920 9993 10113 10172 10258 10435 10504 10750 10898 11006 11128 11204 11453 11705 11854 11962 

No 123 neuron's spikes:
114 238 524 833 990 1022 1357 1537 1744 1880 2117 2360 2831 3563 3884 4439 4503 4787 5228 5799 5893 5979 6497 6963 7786 8415 8487 9018 9398 9993 10920 11327 11458 

No 124 neuron's spikes:
41 238 510 1017 1121 1339 1441 1592 1695 2091 2356 2489 2688 2795 2986 3155 3267 3429 3514 3711 3813 3931 4026 4193 4405 4581 4825 4913 5048 5184 5413 5552 5644 5879 6138 6201 6411 6491 6742 7068 7568 7698 7804 8065 8424 8650 8863 8974 9059 9173 9635 9998 10042 10169 10255 10440 10498 10908 11064 11137 11307 11398 11519 11603 11693 11732 11863 11967 

No 125 neuron's spikes:
44 109 235 512 636 1004 1340 1423 1591 1826 2355 2489 2689 2798 3113 3154 3338 3582 3716 3808 3884 4186 4402 4819 4900 5028 5378 5416 5644 5878 6414 6485 6746 7334 7428 7589 7810 7880 8060 8152 8259 8429 8489 8650 8776 8966 9054 9137 9170 9227 9313 9417 9506 9623 9976 10108 10253 10365 10513 10634 10767 10907 11056 11308 11526 11609 11748 11861 11955 

No 126 neuron's spikes:
367 511 708 1007 1355 1594 2101 2324 2490 3162 3523 3708 4672 4828 4906 5035 5415 5588 5631 5826 5984 6418 6578 6820 7013 7216 7338 7504 7805 8060 8162 8243 8339 8490 8655 8787 9073 9167 9296 9412 9502 9546 9578 9618 9669 9706 9744 9994 10115 10169 10257 10715 10750 10827 10908 10952 11320 11449 11519 11601 11698 11742 11798 11854 11953 

No 127 neuron's spikes:
14 586 707 1100 1506 1597 1658 1883 2014 2090 2219 2411 2498 2801 2985 3073 3154 3244 3709 3785 3892 4093 4198 4259 4584 4673 4827 5175 5377 5419 5575 5727 5982 6419 6687 6743 6820 7212 7318 7655 7707 7984 8046 8145 8333 8492 8658 9297 9413 9613 9711 9819 9901 10165 10261 10603 10713 10826 10898 11333 11520 11968 

No 128 neuron's spikes:
43 239 363 512 643 689 1003 1098 1345 1426 1508 1598 1780 1895 2089 2281 2354 2490 2688 2731 2795 2987 3148 3250 3407 3601 3694 3788 4387 4415 4673 4760 4829 4913 5037 5280 5414 5569 5662 5981 6200 6295 6414 6565 6647 6742 6944 7062 7504 7799 7879 7982 8142 8340 8435 8652 8867 9053 9291 9706 9993 10109 10257 10368 10499 10727 10916 10998 11401 11693 

No 129 neuron's spikes:
142 345 512 706 1007 1098 1335 1426 1508 1734 2088 2489 2689 2849 2987 3150 3251 3417 3485 3518 3591 3619 3649 3708 3790 4197 4260 4382 4414 4672 4823 4907 5036 5175 5230 5426 5566 5653 5827 5981 6298 6414 6515 6575 6648 6743 6826 6985 7062 7371 7437 7503 7593 7799 7975 8065 8160 8332 8412 8498 8652 8798 8864 9055 9166 9227 9414 9611 9707 10004 10120 10254 10368 10501 10596 10657 10713 10905 11064 11398 11691 11746 11967 

No 130 neuron's spikes:
143 647 977 1102 1191 1507 1831 1954 2012 2089 2355 2491 2791 2859 3081 3150 3337 3508 3708 3789 3971 4584 4671 4832 5036 5264 5313 5377 5419 5816 5954 6052 6295 6411 6575 6823 6984 7213 7334 7503 7805 8161 8491 9411 9641 9758 10114 10370 10795 10905 11005 11693 11732 

No 131 neuron's spikes:
37 250 509 644 785 833 1019 1121 1293 1425 1676 1913 1955 2081 2296 2613 2690 3144 3249 3461 3606 3709 3808 4000 4178 4259 4296 4726 4826 4952 5035 5420 5579 5658 5769 5826 6417 6645 6929 7068 7231 7322 7408 7506 7565 7802 7878 7975 8198 8402 8652 8970 9349 9587 9925 9990 10051 10108 10359 10602 10787 10915 11088 11203 11391 11522 11584 11703 11827 11950 

No 132 neuron's spikes:
37 144 250 511 784 830 1016 1099 1190 1368 1426 1677 1777 1882 1954 2079 2222 2691 2788 2855 3031 3154 3268 3363 3461 3523 3605 3705 3810 4001 4259 4300 4672 4726 4950 5036 5267 5420 5588 5761 5882 5985 6497 6577 6697 6823 6926 7063 7227 7316 7406 7565 7878 7975 8198 8238 8491 8524 8668 8972 9111 9166 9227 9349 9410 9589 9990 10103 10354 10510 10577 10786 10906 11063 11221 11334 11515 11590 11695 11949 

No 133 neuron's spikes:
238 350 513 707 831 1005 1097 1294 1342 1507 1588 1755 1879 2016 2088 2354 2489 2799 2988 3150 3245 3338 3418 3511 3590 3708 3785 3880 3958 4038 4182 4274 4308 4426 4671 4821 4913 5037 5140 5372 5419 5567 5650 5798 5894 5979 6090 6157 6295 6416 6515 6574 6648 6698 6743 6825 7007 7059 7333 7436 7798 8258 8419 8651 8867 9171 9409 9634 9978 10006 10111 10170 10260 10363 10641 10906 11064 11446 11526 11693 11745 11867 11969 

No 134 neuron's spikes:
23 146 220 439 510 706 1121 1340 1602 1660 1871 2093 2691 2803 3143 3174 3342 3515 3619 3710 3937 4025 4192 4414 4672 4832 4968 5047 5548 5656 5826 5900 6137 6295 6344 6493 6741 7019 7321 7437 7503 7705 7802 7976 8143 8196 8424 8614 9136 9292 9362 9702 9921 9994 10104 10165 10368 10435 10511 10750 10897 11334 11454 11525 11607 11704 11856 11954 

No 135 neuron's spikes:
202 587 899 1455 2220 2363 2496 2977 3152 3807 4198 5098 5418 5653 5971 6133 6414 6493 6912 7127 7335 7799 8245 8425 9165 9506 9636 9673 9720 9921 9992 10099 10262 10356 11004 11064 11203 11306 11704 11852 11916 11966 

No 136 neuron's spikes:
109 518 793 1018 1129 2082 2115 2355 2490 2794 2855 2990 3136 3267 3418 3590 3706 3811 3886 4205 5037 5275 5389 5662 6077 6126 6745 7419 7799 7885 8065 8249 8434 8523 8885 8972 9166 9412 9636 9755 9967 10102 10616 11307 11390 11445 11569 11615 11692 11953 

No 137 neuron's spikes:
584 838 1355 3111 4039 4281 5038 6406 6930 7020 8523 8556 8868 9172 9984 10364 11064 11527 11871 11950 

No 138 neuron's spikes:
42 359 516 789 1017 1092 1428 1598 1678 2088 2444 2493 2618 2690 3268 3338 3487 3717 3806 3883 4095 4297 4585 4824 4954 5037 5377 6418 6807 7067 7320 7504 7881 8069 8134 8254 8658 8786 8872 9347 9588 9987 10169 10356 10428 10499 10641 10905 11006 11065 11436 11524 11701 11866 11950 

No 139 neuron's spikes:
145 258 519 832 1027 1121 1981 2080 2295 2502 2608 2807 2848 2926 3150 3241 3339 3462 3617 3831 3999 4094 4260 4642 4970 5178 5771 5871 6266 6294 6501 6639 6697 6746 6908 6984 7316 7504 7566 7666 7881 7973 8199 8334 8696 9165 9421 9499 9921 9995 10104 10297 10798 10829 11082 11226 11333 11590 11705 11952 

No 140 neuron's spikes:
54 292 349 512 714 848 1020 1108 1339 1440 1514 1589 1896 2013 2089 2354 2490 2796 2994 3041 3080 3158 3255 3338 3430 3517 3622 3710 3789 3879 4179 4366 4417 4676 4825 5036 5177 5420 5548 5650 5766 5880 5976 6090 6416 6574 6745 6821 6931 7214 7323 7429 7803 8061 8251 8421 8505 8650 8870 8968 9171 9409 9631 9709 9823 9982 10109 10169 10258 10369 10426 10641 10886 11061 11307 11524 11702 11744 11862 11954 

No 141 neuron's spikes:
36 249 355 589 785 830 982 1017 1102 1130 1294 1426 1676 2080 2361 2488 2848 3150 3254 3338 3430 3700 3799 3883 4128 4295 4380 4427 4678 4821 4951 5035 5417 5533 5763 5895 6092 6310 6804 6906 6940 7229 7337 7565 7877 8115 8235 8497 8669 8981 9103 9174 9209 9349 9680 9987 10364 10787 11094 11521 11740 11949 

No 142 neuron's spikes:
346 513 1022 1698 1831 2094 2302 2499 2691 2987 3150 3246 3418 3463 3708 4000 4406 4672 4828 5039 5260 5417 5580 5992 6091 6295 6425 6744 6984 7066 7229 7504 7799 7880 7981 8056 8262 8492 8652 8875 8978 9166 9229 9298 9414 9612 9708 9921 9983 10107 10255 10367 10424 10510 10608 10641 10910 11070 11333 11400 11449 11514 11607 11692 11742 11862 11967 

No 143 neuron's spikes:
53 149 244 721 793 829 1019 2496 2685 3077 3150 3419 3530 3714 3791 4238 4613 5036 5875 6308 6649 6742 6823 7065 7334 7409 7799 7886 8390 8969 9072 9136 9639 9991 10112 10256 10299 10652 10714 10913 11529 11947 

No 144 neuron's spikes:
112 242 639 715 847 1006 1108 1342 1439 1588 1831 1871 2088 2354 2489 2798 2906 2983 3155 3246 3430 3529 3633 3719 3794 3878 3956 4027 4183 4299 4367 4414 4515 4685 4821 4914 5124 5276 5548 5649 5799 5880 5980 6136 6308 6346 6412 6751 7128 7321 7430 7812 8244 8398 8616 8659 8878 8968 9130 9172 9533 9623 9701 9995 10166 10261 10423 10652 10750 10905 11061 11130 11315 11459 11525 11713 11955 

No 145 neuron's spikes:
37 252 352 591 688 786 977 1119 1222 1366 1456 1679 1913 1959 2082 2494 2615 2688 2907 3172 3269 3461 3619 3796 4201 4538 4892 5019 5185 5262 5585 5762 6073 6431 6574 6805 6924 7150 7481 7657 7701 7799 7877 7984 8253 8486 8671 8783 8887 9228 9297 9349 9539 9987 10111 10431 10668 10791 10919 11093 11327 11506 11950 

No 146 neuron's spikes:
154 191 248 345 508 603 689 1006 1101 1411 1688 1747 1899 2079 2151 2563 2690 3031 3166 3242 3338 3423 3690 3788 3870 4003 4275 4440 4535 5027 5259 5577 5655 5724 5764 5801 5859 6294 6573 6640 6810 6923 7160 7228 7334 7420 7681 7857 8142 8237 8361 8486 8700 8814 8882 9304 9423 9534 9792 10105 10171 10354 10692 10788 10904 10959 11067 11217 11519 11898 

No 147 neuron's spikes:
37 143 345 472 586 785 1104 1426 1508 1550 1607 1961 1996 2115 2356 2503 2560 3150 3338 3435 3619 3712 3807 3972 4001 4267 4674 5175 5327 6295 6422 6695 6822 6894 7229 7405 7506 7799 7874 7974 8332 8492 8603 8877 9164 9413 10109 10259 10786 10915 11084 11217 11525 11571 11701 

No 148 neuron's spikes:
51 346 533 1103 1158 1412 1681 1810 1948 2244 2703 2731 2972 3155 3335 3808 4330 4504 4664 4915 5028 5214 5318 5421 5663 5815 5987 6090 6416 6569 6928 7248 7401 7875 8065 8390 8670 8969 9108 9528 9636 9991 10363 10679 10919 11055 11128 11217 11454 11691 11731 11794 11954 

No 149 neuron's spikes:
54 134 347 716 840 895 1099 1349 1654 1767 1953 2050 2088 2308 2487 2789 2986 3077 3245 3410 3786 3881 4179 4365 4581 4678 4772 4894 5018 5174 5256 5372 5626 5802 5863 5971 6125 6197 7007 7258 7804 8250 8493 8654 8872 8970 9173 9409 9818 9983 10367 10426 10905 11067 11223 11253 11309 11527 11861 11958 

No 150 neuron's spikes:
131 261 344 511 587 642 1102 1345 1456 1652 1808 1961 2288 2324 2641 2679 2972 3077 3143 3251 3338 3415 3660 3873 4176 4505 4595 4678 4764 4835 4890 5019 5050 5209 5259 5530 5579 5663 5751 5861 5968 6309 6402 6527 6824 6892 7257 7570 7689 7858 7932 8132 8246 8323 8497 8653 9168 9427 9527 9681 9816 9903 9984 10099 10153 10251 10426 10497 10677 10915 11127 11253 11452 11558 11718 11861 11967 

No 151 neuron's spikes:
53 150 253 344 513 689 829 971 1025 1120 1189 1353 1439 1677 1953 2078 2276 2491 2616 2695 2798 3166 3336 3574 3603 3797 3882 4001 4128 4296 4411 4533 4633 4727 4816 4890 4956 5018 5256 5321 5381 5436 5522 5588 5759 5976 6071 6236 6295 6439 6574 6695 6804 6924 7160 7230 7333 7407 7700 7795 7878 8062 8148 8236 8363 8482 8655 8795 8878 8974 9208 9295 9403 9537 9818 9984 10160 10364 10427 10669 10698 10786 10906 11069 11167 11221 11420 11509 11608 11652 11735 11949 

No 152 neuron's spikes:
143 235 508 590 644 706 848 1007 1158 1294 1413 1507 1588 1689 1735 2013 2092 2355 2489 2689 2797 2859 2987 3149 3268 3336 3515 3705 3810 3959 4191 4406 4584 4615 4671 4823 5035 5418 5651 5827 5978 6415 6574 6742 6819 7064 7213 7505 7591 7800 7977 8060 8161 8259 8422 8491 8625 8868 9059 9172 9229 9352 9409 9634 9708 9977 10104 10258 10368 10604 10641 10898 11062 11308 11337 11445 11522 11692 11740 11863 11954 

No 153 neuron's spikes:
114 508 708 839 947 1294 1677 1878 1956 2223 2489 2701 3156 3245 3430 3508 3709 4196 4581 4672 4829 5569 6426 6575 6651 6746 6821 7213 7315 7373 7503 7607 7804 7884 8053 8160 8492 8638 8872 9411 9623 9992 10104 10361 10502 10912 11066 11328 11697 11865 11967 

No 154 neuron's spikes:
107 235 366 508 707 851 1007 1098 1158 1294 1344 1439 1515 1587 1688 1896 2016 2088 2355 2489 2690 2754 2794 2987 3154 3243 3329 3510 3706 3785 3814 3883 3957 4039 4191 4310 4420 4583 4671 4821 4916 5035 5276 5418 5567 5650 5792 5882 5979 6052 6353 6414 6574 6741 6820 7130 7214 7322 7430 7504 7589 7794 7881 8054 8255 8391 8420 8491 8647 8863 9171 9410 9624 9977 10115 10170 10259 10299 10371 10510 10602 10640 10846 11061 11308 11437 11522 11714 11756 11866 11959 

No 155 neuron's spikes:
220 715 1023 1103 1284 1425 1507 1656 2014 2087 2221 2443 2489 2689 2802 2985 3150 3245 3337 3412 3709 3786 3879 3972 4094 4192 4677 4823 4907 5035 5255 5420 5577 5971 6296 6413 6488 6580 6656 6941 6985 7225 7323 7593 7795 7881 8058 8432 8491 8869 8967 9172 9353 9410 9622 9710 9981 10053 10104 10169 10267 10366 10427 10497 10887 11060 11524 11746 11861 11954 

No 156 neuron's spikes:
366 1091 1186 1348 1507 1900 2013 2356 2494 2799 2989 3157 3344 3711 3883 4632 4673 5039 5426 5573 5653 5794 6416 6574 6821 7213 7432 7691 7808 8260 8494 8879 9172 9409 9537 9582 9634 9756 9993 10166 10654 10899 11064 11308 11527 11691 11869 11955 

No 157 neuron's spikes:
37 134 251 334 506 788 986 1021 1345 1427 1653 1681 1810 1952 2089 2492 2793 2971 3142 3255 3423 3606 3644 3809 3873 4195 4503 4596 4768 4815 4951 5034 5266 5419 5529 5661 5752 5860 5969 6249 6402 6489 6573 6892 7013 7411 7569 7688 7803 7858 7931 8331 8491 8655 8782 9163 9297 9350 9538 9704 9794 9980 10154 10260 10353 10497 10616 10786 11128 11454 11521 11720 11864 11948 

No 158 neuron's spikes:
14 147 346 1101 2015 2113 2221 2304 2499 2674 2860 2989 3150 3245 3338 3424 3512 3620 3708 3797 4206 4416 4672 4888 5035 5176 5375 5592 5793 6303 6421 6575 6697 6747 6821 7212 7317 7503 7707 7808 7887 7978 8056 8163 8415 8489 8604 8755 8877 8971 9020 9351 9409 9531 9622 9808 9986 10260 10603 10760 10828 11061 11334 11520 11692 11959 

No 159 neuron's spikes:
16 133 255 582 982 1104 1345 1654 1812 1951 2322 2435 2578 2669 2970 3142 3249 3422 3694 3873 4175 4502 4596 4769 4833 5255 5527 5662 5748 5874 5967 6302 6402 6568 6822 6892 7248 7402 7582 7682 7858 7934 8241 8328 8414 8496 8637 8782 9363 9440 9527 9808 9928 9981 10675 10739 10913 11127 11452 11557 11718 11795 

No 160 neuron's spikes:
53 154 255 344 503 690 974 1108 1353 1657 1960 2087 2299 2488 2683 3079 3606 3880 4178 4364 4532 4663 4915 5018 5256 5373 5436 5665 5763 5880 5969 6315 6410 6580 6928 7255 7884 8062 8250 8482 8598 8648 8972 9295 9532 9639 9718 9816 9984 10106 10262 10425 10887 10923 11067 11258 11308 11504 11584 11744 11867 11949 

No 161 neuron's spikes:
1426 1768 3708 3885 3929 4503 4675 4916 5573 5682 5800 6149 6392 6430 6582 6821 7229 7805 7886 8402 8479 8670 8882 9038 9352 9416 9634 9796 9993 10108 10170 10435 10569 10916 11061 11307 11515 11607 11704 11949 

No 162 neuron's spikes:
41 72 252 349 509 789 841 1022 1108 1355 1438 1678 1830 2088 2296 2356 2493 2797 2974 3157 3251 3338 3432 3707 3797 3878 3961 4020 4180 4300 4419 4663 5020 5255 5650 5879 5975 6293 6409 6820 7007 7154 7333 7429 7795 7885 8058 8238 8391 8489 8548 8657 8889 8966 9057 9172 9418 9637 9817 9966 9995 10169 10425 10614 10654 10917 11061 11311 11524 11761 11866 11954 

No 163 neuron's spikes:
55 254 343 839 984 1102 1424 1676 1953 2080 2200 2256 2298 2500 2595 2684 3167 3251 3429 3605 4001 4295 4504 4634 4956 5260 5762 6061 6308 6426 6824 6988 7151 7230 7407 7580 7709 7808 7878 8148 8253 8499 8784 8895 9410 9527 9590 9719 9820 9996 10700 10786 10915 11061 11092 11602 11741 11950 

No 164 neuron's spikes:
116 358 433 586 985 1100 1345 1655 1808 1953 2327 2439 2688 2975 3143 3873 4024 4194 4246 4308 4503 4595 4769 4836 5267 5661 5749 5866 5968 6137 6401 6644 6894 7245 7566 7689 7801 7858 7933 8117 8225 8260 8324 8480 8546 8878 9019 9528 9903 9992 10175 10453 10497 10676 10914 11127 11256 11452 11557 11718 11956 

No 165 neuron's spikes:
49 255 345 506 714 1020 1106 1158 1325 1509 1588 1679 1949 2016 2087 2243 2354 2411 2493 2789 2970 3143 3250 3336 3428 3708 3786 3815 3876 3959 4178 4300 4421 4502 4596 4822 4915 5034 5318 5419 5530 5665 5815 5875 5987 6293 6415 6823 7230 7332 7403 7568 7690 7795 7878 8061 8250 8413 8649 8677 8870 8967 9171 9418 9527 9637 9703 9813 9976 10112 10170 10263 10438 10513 10629 10896 10927 11061 11452 11526 11718 11757 11861 11956 

No 166 neuron's spikes:
50 287 356 503 534 583 714 837 894 1103 1348 1588 1741 1824 2012 2087 2243 2493 2681 2787 2971 3086 3250 3337 3441 3529 3633 3710 3786 3877 3956 4008 4177 4663 4828 5028 5422 5668 5816 5874 5971 6410 6569 6821 6931 7066 7249 7334 7427 7688 7793 8068 8148 8253 8392 8548 8648 8862 8966 9170 9353 9418 9529 9635 9807 9976 10260 10503 10652 10885 11068 11173 11253 11308 11745 11859 11955 

No 167 neuron's spikes:
36 118 149 248 349 512 647 705 785 973 1020 1091 1351 1425 1676 1871 1954 2079 2488 2689 2849 2988 3267 3338 3514 3609 3705 3797 4002 4295 4414 4536 4673 4773 4952 5034 5265 5660 5762 5874 6413 6492 6576 6745 6819 6932 6990 7148 7228 7407 7503 7578 7713 7877 8236 8419 8489 8651 8793 8892 9231 9305 9348 9410 9538 9923 9982 10353 10607 10785 10909 11064 11097 11340 11520 11706 11949 

No 168 neuron's spikes:
134 511 1353 1507 2088 2248 2675 2972 3158 3806 3957 4099 4237 4814 5820 5880 6295 6569 7157 7433 7953 8263 8543 9100 9177 9227 9403 9639 

No 169 neuron's spikes:
52 348 517 828 1371 1415 1689 1832 1948 2098 2445 2503 2678 2981 3340 3443 3880 3981 4299 4524 4613 4683 4847 5030 5266 5372 5632 5665 6082 6305 6428 6573 7251 7338 7405 7794 8070 8260 8509 8663 9124 9413 9450 9713 10751 

No 170 neuron's spikes:
36 521 785 1018 1425 2083 2690 2801 2849 2970 3266 3705 3795 4257 4296 4407 4674 5028 5273 5423 5529 5664 5912 5967 6414 6633 6686 7229 7359 7405 7584 7791 7877 8066 8490 8669 9347 9419 9992 10361 10785 11519 11607 11745 11948 

No 171 neuron's spikes:
334 720 1425 1806 1948 2243 2684 2797 2973 3038 3143 3247 3424 3604 3971 5281 5535 5878 5992 6490 6822 7774 8034 8416 8673 8880 9354 9417 9531 9963 10000 10145 10296 10433 10503 10696 10738 10792 10924 11221 11514 11612 11917 11948 

No 172 neuron's spikes:
133 244 347 439 507 1103 1345 1651 1948 2092 2498 2694 2798 2971 3142 3250 3423 3528 3705 3876 4182 4355 4504 4596 4952 5537 5661 5865 5970 6136 6404 6895 7012 7247 7332 7412 7569 7694 7796 7858 8328 8496 8781 9165 9354 9424 9703 9981 10262 10356 10503 10737 10913 11081 11128 11453 11560 11722 11870 11961 

No 173 neuron's spikes:
52 289 506 837 1103 1346 1415 2495 2789 2995 3251 3341 3879 4915 5166 5879 5989 6089 6409 6699 6822 7427 7667 7794 8398 8834 8973 9165 10428 10502 10608 10657 11064 11863 11960 

No 174 neuron's spikes:
52 356 504 582 893 1102 1189 1354 1740 1826 1952 2079 2241 2298 2354 2493 2680 2790 2972 3249 3337 3427 3705 3805 3878 4183 4271 4769 4820 4957 5019 5261 5316 5426 5663 5760 5874 5980 6304 6408 6495 6821 7251 7429 7689 7795 7885 8143 8251 8414 8495 8556 9056 9353 9528 9639 9980 10261 10436 10498 10652 10681 10790 10889 11072 11420 11452 11523 11958 

No 175 neuron's spikes:
52 239 351 503 713 1007 1108 1340 1588 1872 2012 2087 2360 2492 2787 3155 3249 3328 3425 3528 3705 3790 3878 3960 4179 4421 4679 4820 5034 5256 5378 5420 5652 5818 5875 5989 6092 6295 6353 6413 7007 7323 7428 7795 8249 8414 8651 8870 8968 9057 9165 9353 9398 9533 9635 9703 9809 9980 10169 10260 10367 10428 10617 10648 10905 11061 11308 11515 11859 11954 

No 176 neuron's spikes:
112 350 438 639 717 849 978 1101 1344 1419 1507 1589 1652 1870 1899 2089 2355 2487 2798 2986 3146 3246 3338 3429 3519 3711 3792 3881 3958 4183 4366 4413 4581 4769 4832 5265 5378 5421 5548 5653 5795 5971 6070 6136 6302 6411 6652 6752 7006 7257 7321 7439 7787 7985 8245 8432 8615 8864 9057 9172 9412 9528 9636 9702 9983 10171 10424 10619 10752 10906 11253 11454 11529 11716 11857 11954 

No 177 neuron's spikes:
51 350 508 714 837 896 1016 1099 1354 1667 1824 1896 2088 2294 2494 2688 2788 2972 3157 3248 3338 3425 3619 3661 3712 3878 3958 4008 4178 4416 4670 4837 4893 4953 5022 5257 5382 5434 5535 5651 5826 5860 5971 6307 6408 6568 6822 7008 7068 7151 7250 7334 7433 7694 7886 8059 8248 8414 8498 8548 8966 9057 9166 9353 9529 9638 9808 9980 10170 10263 10426 10497 10674 10791 10919 11061 11090 11455 11519 11760 11861 11953 

No 178 neuron's spikes:
50 356 505 584 714 897 1101 1352 1416 1508 1653 1831 1949 2013 2089 2248 2356 2491 2788 2970 3157 3248 3337 3435 3700 3806 3879 3956 4178 4364 4504 4583 4665 4831 4914 5028 5255 5318 5383 5422 5652 5816 5876 5984 6307 6410 6568 6643 6821 7067 7128 7249 7334 7428 7693 7794 8150 8249 8419 8547 8650 8966 9058 9171 9352 9418 9528 9635 9817 9976 10176 10265 10426 10505 10611 10681 10886 11064 11313 11527 11746 11859 11955 

No 179 neuron's spikes:
38 117 254 354 840 973 1500 1675 1953 2081 2697 2797 3038 3337 3519 3605 3705 3886 4003 4530 4726 4950 5035 5139 5267 5627 5659 5761 5874 6238 6405 6486 6823 6928 7251 7334 7878 8502 8669 9176 9349 9409 9992 10158 10354 10787 11097 11220 11384 11520 11954 

No 180 neuron's spikes:
37 143 255 349 503 644 697 785 830 1018 1103 1282 1423 1676 1954 2079 2489 2565 2616 2688 2788 2849 2972 3040 3150 3270 3515 3619 3648 3706 3797 3892 4002 4258 4295 4387 4674 4726 4821 4887 4955 5034 5267 5377 5413 5578 5769 5802 5880 5972 6414 6646 6819 6928 7228 7317 7409 7503 7564 7709 7754 7794 7877 7966 8199 8237 8416 8491 8668 8881 9100 9227 9348 9402 9592 9986 10103 10353 10446 10497 10642 10784 11066 11389 11521 11582 11693 11730 11856 11949 

No 181 neuron's spikes:
52 357 714 1023 1355 1506 1949 2013 2361 2498 2575 2801 2859 3039 3151 3249 3337 3710 3786 4404 4598 4671 4824 5318 5377 5815 5968 6402 6574 6696 6820 7214 7333 7427 7793 8252 8649 8892 8967 9416 9634 9708 10001 10157 10593 10654 10889 11060 11218 11453 11486 11528 11693 11735 11828 11857 11954 

No 182 neuron's spikes:
52 111 251 288 351 503 713 1007 1102 1222 1342 1509 2013 2086 2300 2487 2578 2787 3156 3247 3329 3427 3607 3708 3793 3872 4177 4364 4417 4581 4666 5023 5255 5371 5425 5646 5793 5861 5969 6090 6295 6420 6822 7007 7061 7256 7320 7427 7794 8241 8422 8547 8650 8862 9057 9165 9400 9634 9815 9981 10169 10260 10425 10514 10651 10904 11061 11252 11480 11525 11859 11954 

No 183 neuron's spikes:
53 356 513 713 1092 1348 1509 1590 1828 2013 2087 2355 2489 2797 3040 3161 3250 3338 3430 3710 3795 3879 3957 4178 4679 4827 5028 5256 5327 5423 5796 5882 5970 6415 7335 7430 7715 7794 7877 8062 8251 8391 8419 8651 8879 8968 9058 9170 9635 9707 9816 9982 10169 10262 10353 10426 10503 10743 10904 11060 11524 11712 11860 11954 


Total number of spikes: 10677
